-10008240064,5407
-1000938283023,2957
-100133492709,1249
-1002305703666,3355
-1002347324395,9878
-1004781304799,14132
-1005166767331,9960
-1005627776432,4949
-1008693503020,15949
-1009806235817,15588
-1011546776568,3053
-1012236437776,1669
-101478588426,8233
-1014848060886,2845
-101612761062,15671
-1017422461247,1251
-101863445254,6127
-1023874882376,2435
-102613932353,5220
-1027067779013,7060
-1027451090615,882
-1028084547229,9536
-1030948912786,12561
-1031069248717,6954
-1032076119859,10970
-1033452782465,284
-1033463269823,4182
-1033872428128,1067
-1034786680671,5015
-1035989297109,1637
-103607357805,9322
-103639071554,7733
-103688571777,1412
-1037971783817,9677
-1038507070454,8207
-1043586612596,14117
-104453733716,14665
-1044656000527,10031
-1045340821783,74
-104564958831,2650
-104882398715,1641
-1050381340362,3289
-105147916539,8080
-1054164229828,11523
-1055031577619,6818
-1059370931157,13126
-1060515702371,11420
-106159727511,15704
-1062765417103,2012
-1063310904601,60
-1063777186702,3181
-1063842335795,3246
-106470220387,931
-1064845682120,7629
-1065449321373,5549
-1065670575851,2316
-106598473122,3565
-1068219876919,196
-1071683477057,2657
-1071843037571,6034
-1073764688771,8862
-1075626332949,5647
-1076271870041,9962
-1076324729959,1501
-10769381870,12713
-1077340813333,2970
-1079007022932,4349
-1079812076303,7894
-1080091330949,10916
-1080387398635,2828
-1080541645441,13922
-1081346960802,7915
-108157744114,12981
-1085624722642,15729
-1086854979183,5935
-108755301490,3937
-1089230249006,681
-1090686469658,3751
-109093167576,7039
-1091557547124,461
-1093424301612,13655
-1095056681441,7856
-10955383973,3336
-1097424611812,8759
-1099429108881,5026
-1100603939041,7275
-1100748657853,4783
-110081539787,2843
-1102532863673,7620
-110315048385,13424
-1104890303232,649
-1105694648329,4101
-110686075660,2027
-1108643241571,11743
-1110772760270,15251
-1114493287372,10797
-1116088932003,1735
-1116180096305,8888
-111714100103,10600
-1118300668310,2731
-1118803024366,3787
-112037941668,2321
-1120615419791,2418
-112490194339,12200
-1125351893116,3849
-112577355003,11170
-1127888320199,13169
-1128373764533,347
-1130427955971,7984
-1131354294943,5326
-1132770327587,1890
-1134774762722,7767
-1136440068830,279
-1136873158372,10711
-1137665763109,3529
-1139018594308,3481
-1139874793067,9529
-114130603936,3571
-114302564793,6794
-1143042216844,5023
-1144836492545,5608
-1145137000789,716
-1145208493303,6712
-1145427760273,2854
-1145976521833,8962
-114683620836,13741
-1147029369439,2689
-114791002710,5723
-114807634579,4298
-1148823280163,4939
-1151546098342,5485
-1152951959042,605
-1155049506059,10598
-1155060402467,3353
-1155203748180,4999
-1156433895079,2072
-1156441721907,9806
-115961270656,8427
-1160332289151,13094
-1160898761305,7273
-1163671987363,11044
-1163748867741,542
-1165314820587,14449
-1166278402519,11194
-1166996132411,1752
-116722535434,6427
-1167533916217,81
-1168098313319,5928
-117018042791,607
-1170488393961,3449
-117148259271,560
-1171494342851,5163
-1173328276877,12992
-1173474068393,354
-1173702685974,6245
-1174218218868,7273
-117437739204,1955
-1176365770001,8934
-117753378750,2273
-1178189662418,8565
-1178778806390,1669
-1184803591659,8053
-1185209556869,16300
-1186447149753,1940
-1197980752097,94
-119930873830,373
-1200714952891,4864
-1201541210485,14549
-1202681633329,7663
-1208672084159,4512
-120898260602,1759
-1209520065394,6321
-1210829037467,15063
-1211908174640,3721
-1212256699371,2450
-1213008515108,10899
-121491083831,423
-1219255276406,8895
-1220588642912,4857
-1220664988585,7916
-122129489555,5449
-1222667378483,5266
-122412660225,962
-122426819188,435
-1226591413440,1697
-1227613650318,10501
-1227974422155,3062
-1234550220984,10925
-1235332955157,7858
-1238830436299,3138
-1239303924119,626
-1240649087084,5289
-124130819784,15499
-1245098399368,6207
-1246044571091,2811
-124727581469,15600
-1249504240608,5575
-1251878723043,5407
-1253561800748,8673
-1255320351589,2644
-1255911589139,4902
-1255969545033,9343
-1262445355951,8995
-1264049859315,7784
-126469427972,1549
-1266574792628,2361
-126800724685,432
-1268512170822,9185
-1268708007183,3245
-1270002562310,12243
-127166872765,2503
-1272046419641,6915
-1273067328806,13843
-1273444466236,8469
-127450566991,14600
-1275730925837,1103
-1277165955922,5213
-1279592793941,738
-1282557381982,6595
-1283674809655,488
-1285506458580,3233
-1286489472364,3169
-1289167072788,8857
-1290819572189,4391
-1293363652245,2729
-12938071177,9174
-129526040125,1263
-1297303722689,6361
-1302977574919,15750
-1309394617866,9779
-1309439241463,12422
-130998188846,4719
-1310018320081,11693
-1313008248424,15051
-1314483135788,7515
-1315505609066,773
-1316365446590,3039
-1316724108748,5413
-1316813009083,10146
-131750914474,5385
-1317878076831,9086
-1319640078459,8987
-1320641929028,1133
-1320986587953,11438
-132377794981,8200
-1324761326919,4687
-1327900587323,13395
-1328177721400,3169
-13285404633,13598
-1332561950503,90
-1333356741726,8693
-133350931478,10333
-1333543850657,10860
-1334298571421,647
-1334514429574,6707
-1335178424422,2121
-1335570211019,2234
-1337124474633,16126
-133769904897,10096
-1338512716605,12044
-1340012205053,12737
-1340935831113,12425
-1341307613035,12912
-1342552872545,3792
-1344521230127,5561
-134493734752,15365
-134518030130,7737
-1348634740962,1861
-1350564391608,13229
-13509848085,1046
-1351898729851,11160
-135301186451,1096
-1353031216066,5835
-135736199080,5277
-1357669996412,1295
-1357750183813,6102
-135982351252,1905
-1359994928712,12731
-1360056255385,444
-136047038841,1585
-1360478121751,6907
-1365914058641,6218
-136664197821,13097
-136706740293,1579
-137140267002,7283
-1371812439495,2974
-137196175895,924
-1372587565685,258
-137443332623,1063
-137495238785,13629
-1375377296098,15829
-1376361467995,3448
-1377598523735,358
-138779569817,722
-138898951468,7375
-138913230134,433
-1391119415729,8162
-139170774052,12971
-1393147827867,5654
-1393236309067,12440
-1393622755141,7170
-1398304645625,6626
-1402385116047,1967
-140294488671,10174
-140368620234,4037
-140413679887,191
-1405114421714,2805
-140620378528,695
-1408617816599,7297
-1410146418383,6254
-1412848505844,5969
-1413020055211,1695
-1413797588771,7226
-1414149689191,1682
-1414240220197,9248
-1422449439508,7531
-1423782613659,800
-1424920913447,2257
-1425746202127,800
-1427224901843,643
-142933706118,859
-1429807940137,60
-143306922877,13
-1435470467328,4729
-1440419354739,4159
-1441291615147,14218
-1441759171547,731
-1444457180657,7646
-144646275480,15499
-144703465877,1082
-1453806942402,10855
-1458194791089,13393
-1463799317165,497
-1464301071227,3794
-1472563766149,559
-1472804831603,4269
-1473851139585,4289
-1473970529957,1468
-1475123579552,5373
-1476542354173,1549
-1479009405132,6233
-1479054622130,11627
-1483794141501,5821
-1483882175015,3352
-1483895274145,4597
-1484937529773,8393
-1487165015656,7561
-1490364525753,6293
-1498393124971,1188
-149890879883,660
-1500038906579,321
-150419389632,533
-1505312696413,5471
-1508169429379,15955
-1509876942841,4732
-1509907611202,2319
-151169567575,1466
-1513898056009,1026
-151398623805,574
-1514135146505,6464
-1519533322713,6674
-151971947066,3071
-1519743565717,16038
-1523514755813,1446
-1524278338293,496
-1524504235883,2928
-152534116943,618
-152596346716,2115
-152621416853,11252
-1526884032260,5957
-1528932493983,2305
-1530403947584,1527
-1531231347095,2266
-1532402894482,6561
-153403931273,1761
-1534921788451,5068
-1534948119527,210
-1535782979251,8742
-15409182984,617
-1546018043477,9542
-154618647514,12973
-1549149417481,3273
-15517828373,13708
-1552048145681,4618
-155453282045,15646
-155549541083,1643
-15561321777,766
-1558094185702,8221
-156006022331,7708
-1560409193689,5556
-1561902935453,6781
-1566596426869,4098
-15668774436,1963
-156763408675,2109
-1569475835275,33
-156983532051,10193
-1571969959205,7924
-157228273387,138
-157468863158,537
-1575323434295,3677
-1577904421121,44
-1579834843349,9581
-1584529049584,12137
-158527165353,1520
-1586101400,5691
-158872678956,895
-1588768200132,121
-1592679279085,2416
-1593257585983,522
-159511734182,11143
-1599722486689,13094
-1605998439443,3177
-1607417592093,1267
-1609670758444,12567
-1612140619707,9046
-161713553908,14977
-1617910126195,11963
-1618025072955,4979
-1618678822979,1337
-162336252679,14505
-162437663293,741
-1625729781873,2443
-1626418204402,1347
-1626466640996,81
-162961240998,1235
-163822858336,4399
-1639076437668,6947
-1640216580102,1309
-1640875998475,1529
-1641243135337,7069
-1645319979513,668
-1645765229303,4241
-1647028532708,3717
-164713583771,5546
-1652790448853,4067
-165588394954,3337
-165924160483,10768
-1664710879708,2985
-16676495827,12870
-166875953452,2407
-1669855704658,1273
-167071826164,9109
-16708774652,4315
-1672146043802,5539
-1673850083404,335
-1679722720873,10536
-1684051949622,3001
-1690249828206,3127
-1690558520172,8087
-1690712824853,419
-1691199272870,4769
-1695236414951,1122
-169649398761,5471
-169702890202,9501
-1699155337744,10403
-17020123367,510
-170304002957,14240
-170418248683,16342
-1706181675026,1527
-170693956282,10353
-1708470425705,7527
-1708848105641,2585
-1713262474605,6572
-1713774425454,8035
-1714308123467,2944
-1717388042888,3099
-1717522265321,3739
-171952277270,11417
-1721448857011,15342
-1724960748283,3350
-172638612095,13921
-1726396802033,14198
-17280599903,369
-1729316870691,7450
-173178554098,367
-174006770053,833
-174399155592,6073
-17474657179,5428
-1748160173945,12036
-1748459460431,9211
-17504338341,64
-1750633137677,707
-17506783702,1777
-1756400336027,4115
-1756624045237,16232
-175805118047,55
-1764942412558,1007
-177440121345,13966
-177640218031,574
-177771338888,645
-1777845455035,3782
-177999041207,9703
-1792384896409,217
-1792729313911,8675
-179380093927,9954
-179523904811,758
-180374718261,3419
-180786976023,6487
-1808660767123,7446
-181036133644,10203
-181195931184,5833
-181220828915,14572
-1816514113115,13531
-1819004055203,13613
-1819634118530,14183
-182006635817,11876
-18204103696,1999
-1822374628243,678
-182269982926,9235
-1822880604185,3953
-182467484871,15331
-1825359962453,10671
-1826811864496,7229
-1830178277258,8223
-183021558899,2476
-1830233422499,8238
-1831405902231,3668
-1831823525914,3739
-183494333134,783
-1838773545897,122
-1840894457337,1025
-1842501680346,5705
-184472091152,13687
-1853322457494,5513
-185412777491,13235
-185519487460,13731
-1856612058705,1301
-1858370761231,8059
-1860810050070,13189
-1862195718143,15
-186242751024,12187
-1863446783204,3853
-1864187394951,8236
-186450566401,86
-1872404972958,10015
-1872675728553,977
-1873041668401,14467
-1874961199153,13829
-187607486227,14228
-187822868153,6968
-187825372222,113
-1878400050956,13747
-1878908510828,8149
-1879184195684,1337
-188090222705,9236
-1881617332227,2083
-188543780997,926
-1887867909112,5673
-1891329611817,1208
-189380539367,5089
-1898925675030,713
-1904273961103,6804
-190537363604,11443
-1905417705292,11525
-190609610668,3807
-190865233847,7716
-19137030059,4799
-191405932526,2229
-191584736876,5609
-1917772115401,557
-1924995932197,10292
-1925878619812,59
-192799447236,4003
-1930398753335,15558
-1935988417197,14917
-1940363735414,15575
-1944779377970,3897
-1946842478477,14764
-195091013932,6005
-195115950831,562
-1962661163916,9287
-196273853869,1765
-197108672197,10003
-1982432709160,7593
-198769272425,7522
-198952531660,13197
-19896277944,277
-199021430283,5243
-199733627035,329
-199838378044,55
-20006249569,693
-200634624242,12841
-2012455475462,2771
-20146245712,15533
-202487748995,14698
-2028029368624,16119
-2030467885035,14908
-2035438709081,10038
-203985195425,7372
-203991258847,6448
-204334153801,6713
-204458196335,12912
-205212274286,329
-2059652741075,5778
-206273620709,1838
-206368373956,15781
-2070071096331,6445
-207335486122,13173
-207847547821,11616
-208003464347,2105
-2089419275389,11132
-209223125718,775
-209691302291,740
-21090223849,903
-210926433103,1934
-211341818321,7544
-211463179374,4913
-2116520150892,9145
-211933767820,2421
-21232600180,4157
-212444170842,8071
-2129394422840,9857
-2133574069020,8273
-213681689209,3134
-214619976359,3422
-214675109669,1351
-214922242027,12717
-215289074887,11163
-215801821145,6254
-216782640069,4874
-216909194882,1747
-2178321954392,14831
-218522232906,821
-2198666839508,16195
-21992403161,5627
-2207905158031,15646
-221780949361,312
-222993796232,8669
-224283417071,10748
-225821323003,12948
-22599826718,2997
-228645008234,11653
-229181145265,14824
-230728551709,5740
-230766724444,14623
-23152378711,12116
-231977273831,983
-233572049423,8940
-23479058286,1607
-236293913999,5167
-2371000042067,14288
-239227239962,2835
-240966166007,1714
-241130344483,10692
-241566384013,15981
-241798771373,5164
-242871404136,493
-243592346914,1117
-244167654443,827
-244702476291,14702
-244869898079,8615
-245358768418,4629
-245605838424,2555
-24676797417,1954
-247679913547,4030
-248225496523,682
-248313438055,714
-24896745921,7064
-249437322629,9298
-249758566611,4787
-249807904346,2845
-250216474139,799
-251133017035,849
-251297575405,4362
-252086807150,69
-253817496837,1003
-254874141550,2581
-255539663367,7966
-255953504999,1510
-256415346488,2473
-256683081242,2189
-257003479391,1069
-257189781466,3091
-25740696872,14243
-257543632459,14973
-257651390567,2612
-258215394127,7159
-260203854959,479
-260560703605,2344
-260679991597,9273
-261327029217,7900
-261858531797,8355
-262307333299,2548
-262741500836,12817
-263165237422,7735
-263715317581,7620
-263745582749,12021
-265580034313,1832
-267128786338,14081
-267183907603,4774
-267350795495,956
-268037886896,177
-268103813061,2132
-269073974937,3745
-269506791182,13973
-270135406091,121
-270423329733,6485
-270855399023,4577
-2719353508,2695
-272235922551,1952
-27286475764,8437
-273010180599,2458
-273047259925,13119
-274834965136,903
-275211649751,9938
-275404519408,1461
-277704839743,9919
-278574950063,8620
-279422332637,15781
-280342618285,7381
-280792188531,1192
-2811603684,1579
-28116057629,13393
-281957308564,6335
-282353330671,1226
-283228822369,1267
-284973714159,14408
-286442849913,5198
-28648214235,779
-28697445256,5123
-287465377547,2035
-288611368999,3542
-292551272421,760
-292586282275,14682
-292930171214,1933
-296696021156,5791
-297056634568,2115
-297799423911,8650
-29814617553,6556
-298483755012,7243
-29852597382,9913
-298792564917,14863
-29892939263,54
-299303483471,9488
-300063363839,4208
-30152925292,11003
-301565799845,1309
-30187497247,2372
-302886428438,1277
-302975916663,12664
-30376773514,291
-30403009151,710
-304116709841,1398
-304813511773,2542
-305323644784,1631
-306130758,4847
-309106844789,1297
-31132670944,5125
-311333959343,10849
-311627650671,14183
-312905684197,4824
-313911029633,8451
-314270452761,310
-315346802927,5006
-316002069969,1150
-3160525261,111
-317008547961,2882
-318755797427,5576
-31961626619,2708
-321260771903,5472
-322036484545,6983
-322265432108,10855
-322685159115,15722
-325751666489,14081
-326545549672,3487
-326583560626,5711
-32709167447,11302
-328750474865,13237
-330004468078,427
-33063877507,1634
-332378994320,8891
-333757462193,10579
-334527130981,15320
-33453966749,9344
-334573470270,3697
-334626668670,6371
-336025827166,10471
-336059010071,7822
-336782435935,2301
-337872477493,14501
-338814611999,3679
-338944067191,173
-340574004683,11067
-342562905961,2622
-34293792198,3559
-34315677263,4524
-343544928059,840
-344452655094,8957
-34560543089,7253
-34590192206,3667
-346195826751,12964
-346851356093,4034
-348381171479,581
-3485934982,111
-349804386694,9663
-349808945651,8768
-351712303798,1829
-352254924097,962
-353196395741,2442
-353990778599,2496
-356462741356,4343
-357630507724,8829
-358486429979,5944
-359974985969,2055
-36057898952,1033
-36210273571,1727
-362169747185,6399
-363009040507,16332
-363536093229,2345
-363651808103,2685
-364173158997,1048
-36466965214,14513
-36558009623,3330
-368817500901,2269
-368950026257,8646
-369575882657,1025
-370457227143,4646
-37087622474,9937
-371027575667,10984
-371122971093,4894
-37148485571,3591
-372114509011,2795
-372574502414,14251
-372744909815,5544
-373741909932,4003
-37385365940,5467
-37398491796,8035
-376818097208,1661
-377695831642,999
-378533322412,8695
-379566490969,14286
-381568072275,1174
-38233858725,9362
-382354094091,5044
-382580625630,1957
-383228358835,1921
-383876788657,8001
-385868038237,6043
-386998336613,3580
-387746995706,6483
-387865359697,5313
-387881532631,1710
-389785307836,14619
-389879508433,1248
-389914533075,323
-38996153529,2870
-390061773349,5381
-390482668048,1905
-390975848692,15953
-391332137197,3067
-393132943745,9207
-395480744687,9666
-398865003953,1234
-401290495379,4144
-401371282704,757
-401818728284,2047
-401889393799,9508
-401969387921,2990
-402452229540,3587
-40515225485,3728
-407405322911,1768
-407571637201,4214
-407733064667,14736
-408020485977,8444
-408063054543,2893
-408733459267,759
-409464716645,3658
-40960312151,6954
-411727561217,1831
-411763389169,7427
-412009093156,15327
-412414795456,2089
-412594313853,1444
-415713079227,748
-418585719829,13384
-419364330853,318
-41969300426,3085
-419955229605,4543
-42178974349,9145
-42270710995,748
-424498833743,15525
-425782607440,12683
-427666776947,15108
-428132480416,815
-430619493686,1577
-431997586645,336
-432488566513,2984
-433884828949,16144
-43409091482,15609
-434803439896,1591
-43631715827,159
-437404789702,10465
-439547334423,4139
-4404056914,12917
-443697322072,1671
-443789528915,1776
-445969105193,7152
-44617341323,88
-446788386296,13149
-447462135617,642
-448491718883,6996
-449444232585,1909
-449654176679,12548
-451227582645,2476
-451549583034,4331
-451898586937,24
-451995953366,12747
-45245528667,3350
-453141126349,66
-453294045231,766
-453418541087,2282
-454215004625,13753
-454309743708,3637
-454822884428,12251
-455193974742,3151
-455269584797,9276
-456820778125,2462
-458623651594,1315
-458781342605,10073
-45915397235,13769
-459408086022,12001
-460294241520,10681
-460312113770,6289
-460856816483,3450
-46164515411,4295
-462654578929,9229
-463068959770,10607
-463490737492,1395
-463557524240,13979
-464856590971,1246
-465907997631,13502
-468859758019,3275
-470006579677,8852
-471374921473,12753
-471928958986,3941
-474422032129,2344
-474916227129,175
-475055395076,551
-475445556457,2463
-479029429760,12049
-479615106161,2715
-47987834361,2380
-481305764357,11412
-485420759754,10889
-48741303867,11495
-48801465401,7594
-490080494256,13469
-490240818295,6082
-490263547976,6515
-49106729326,473
-492384279767,7492
-492405988389,1850
-492597596743,8104
-492740837092,11719
-493724820163,10795
-493983596243,13537
-494548502952,5155
-495021072933,5158
-49564466932,553
-49848947084,1221
-50002256222,5849
-501074602401,1256
-501564032380,5789
-501614109361,11806
-502370538183,1966
-502833982092,4081
-503408284551,940
-504565012762,5439
-5052136099,712
-505390904819,9754
-506449776734,13907
-506868083297,1201
-506990209660,11239
-508634734604,9595
-508992067,1888
-509821901666,6299
-509822868979,9713
-510468505334,15969
-511547021629,565
-511718917344,3307
-514295912257,11931
-514423492189,5053
-51465973555,822
-515245090939,7198
-521851449427,3852
-522752979111,3998
-52368766919,7412
-524483585498,8597
-525518453615,3202
-525643747396,10517
-52662389639,1402
-527732143141,2437
-528831081556,12011
-533380408425,4187
-533482119921,3247
-534680008987,1890
-534852445637,4415
-534921632115,4294
-535201047249,14866
-535566293456,4227
-535693016333,234
-535971338120,7783
-539174583941,8284
-540034021891,9993
-543144087713,173
-547178862224,14091
-549369325467,4462
-549753518116,3495
-55003915030,1019
-553307589647,3854
-5535082255,44
-554603334027,434
-554798939692,11465
-558195824402,6987
-558836981411,11394
-560740415165,43
-561372836476,10897
-562163961337,10565
-564808364146,569
-568154634051,12344
-570125040400,8027
-570473269259,15534
-570656465239,5589
-570668679349,867
-571995868529,5982
-572039474133,11167
-572098281767,2241
-57490961719,14768
-57633992844,937
-576642064994,1095
-578239237869,3316
-578344414177,623
-579420764462,4839
-58024467761,18
-580647967489,7529
-581689271873,2577
-581893317209,693
-583646072759,2908
-585566073709,2645
-58599883396,4651
-586345026616,12835
-586829918224,10005
-588841461566,13557
-58955847808,1789
-590118804875,8532
-590740828126,11289
-59128309963,111
-59164416558,8239
-591944640233,8861
-593168765333,42
-59354931019,15408
-596477887014,12793
-598156092509,206
-598192434604,13245
-598934049468,5855
-59951900969,1328
-60011997508,4969
-602480429097,6032
-603732480157,6489
-603750513337,626
-603924152057,9890
-60415097906,3215
-604424983175,4452
-604470429770,3929
-605040090849,830
-605066933690,1
-605243907244,1357
-605282167084,9575
-607173383895,3284
-608912928114,1163
-608935009419,5405
-609230721769,2931
-60966342275,1209
-609736361975,10344
-609949590361,5302
-611175597906,3833
-611384604257,370
-613139911113,15766
-614450888311,2815
-616214736428,13453
-616385755228,1791
-616863847077,7114
-616928394923,8334
-617566233359,1932
-619064332933,2278
-619320557144,447
-619641502716,9151
-620749190087,3167
-622649554628,5153
-625111401643,8472
-62575312109,2538
-628891508987,9678
-629264403643,2228
-629413389609,3275
-630600274984,6557
-631179963437,1520
-631664732772,3323
-632838223837,1699
-633265603319,4229
-63377361559,12264
-633795065341,2401
-633923901497,14069
-634217008918,6089
-63717832097,231
-637448121947,844
-637606562615,8574
-637994610403,15944
-639078024006,3661
-63948567203,4020
-641837314237,7193
-645686586205,8208
-64628908896,83
-646726235295,3146
-647604120166,5883
-647667330575,4191
-649611879647,11374
-650445378275,6403
-652970790386,15983
-654605284099,2981
-655483164453,13828
-656909148485,9901
-659490149381,626
-661001162399,6375
-661767353719,11364
-662613066251,120
-664276215911,1564
-666346292885,2404
-66790251814,5887
-668353642837,3702
-671616224575,1583
-672427782067,14572
-673785406340,15779
-673964653218,15437
-67457853402,281
-675534470540,6929
-676177982157,2317
-676345442378,99
-676569472079,682
-677034673025,7996
-67711691356,285
-67749247236,1621
-679347180039,2311
-681179234147,3892
-683724187739,2657
-683987134493,5489
-68573104396,877
-68604134481,13040
-686625127807,7495
-690698381790,6889
-69092720961,521
-69134824005,4037
-69175622525,13386
-692699178721,5539
-69270666523,188
-692962834636,2879
-694145746269,9827
-697457918383,110
-698835938264,9759
-698943586181,13133
-699933588911,5036
-701212739999,896
-702906054794,4227
-70374132263,16240
-705778531857,2762
-708101178314,123
-709405817311,10438
-709599907987,2809
-70984753453,1602
-710954146565,284
-711711228456,11621
-713408882546,1023
-71378511241,7240
-716735227902,4681
-71727950381,7664
-717539262232,7095
-717805204090,6339
-71803725293,253
-719135305233,14590
-719310777329,5349
-720291676567,147
-72051685606,3107
-720704756626,12483
-72094949497,1315
-72149279043,34
-72181800928,4863
-72208103317,3765
-722539291343,3897
-723276180421,8046
-72512406681,9422
-725481529194,5503
-727269853567,921
-727548149786,661
-729615165064,393
-729669201123,187
-729863748841,106
-730151489518,1125
-730586143062,11099
-730979677712,4587
-731045130510,4453
-732751230019,11766
-735635939501,10685
-737948139781,2963
-73845725389,13465
-740145325925,1141
-740938787957,4125
-74239661359,9133
-744607313246,7947
-745621282655,16127
-74572356875,3484
-746189061197,9383
-746588615981,1129
-746930084534,10403
-748569791012,9195
-74870067703,854
-751742680539,12539
-752290510828,4213
-755960653211,6018
-756120947633,7357
-756343303903,16350
-756799736452,4247
-75774120420,509
-75805324097,5326
-758837009664,4915
-759395602465,13146
-763164309476,5359
-763250636047,14644
-763504486807,12434
-764033624077,9823
-765857048182,9219
-766551249543,9284
-767263047191,286
-769129109636,7411
-769358988073,2169
-771298396529,5557
-77132662931,3527
-771410325954,3115
-772093150324,12207
-772627814821,3987
-772662977011,10087
-773257595668,6667
-774084813217,2734
-77426897672,1367
-775516102067,3511
-777243111579,4724
-777396167181,6721
-77956194639,350
-781313417909,11338
-782182936426,6315
-782733268809,9404
-787031197969,891
-7879159186,13739
-788661667783,7397
-788944334617,9399
-789603216742,14129
-790142424758,1825
-790521749261,9065
-791608418135,3348
-793565949928,3049
-794302898261,12286
-794344100601,9032
-795400789094,3539
-795486606341,13271
-796281213615,1802
-796515322451,2600
-79973381559,1808
-799773004489,54
-800961710568,9955
-801284499233,14322
-801567149620,9381
-801693923128,681
-80197797623,848
-802387166893,11885
-803429476782,11635
-803456646765,2294
-804858802021,2605
-804920234714,3721
-805167902177,6260
-807807770737,3682
-810130542856,2693
-812502220658,1225
-812612421454,4803
-81316239219,2149
-815457085439,3568
-81569378575,2843
-815778511366,9159
-818873703644,1037
-819154108137,1639
-82109920840,3579
-821726120303,2836
-821831119497,1975
-823777640987,11910
-824339001649,4726
-826203208492,14993
-826302882242,11447
-827524461311,5752
-828859307901,14537
-82944999111,2596
-830000828535,2996
-831994284425,9467
-834608284757,2220
-834828631442,6441
-835615886177,8660
-837109052884,15205
-837838120483,333
-839201850674,5671
-839296436237,3161
-84104933469,11302
-841614272515,10207
-84442895503,13242
-844591923063,15268
-845143795233,9875
-84576045883,9195
-847157822218,15235
-847752578574,1079
-848132809096,1155
-848624549039,9461
-848998547743,2815
-849354850009,70
-85067707529,4093
-850806759649,10561
-850839142175,11258
-852996824031,4669
-853065808847,4882
-853531870633,14947
-853656984499,4243
-855435658419,4441
-856200257231,599
-856862938351,3704
-860318862767,2206
-861418701669,10114
-861518400498,5591
-861689908141,5701
-862753833006,10541
-863363521615,6717
-864298241053,8117
-866035112581,440
-86632702285,6483
-866782145240,7737
-867196492036,11279
-869437756213,12638
-869983598927,14336
-870716064399,6923
-871235332331,979
-871341898731,4931
-87199601269,15704
-872243725523,2094
-873290136193,13036
-87659739559,6700
-87800511859,5788
-878630503800,6091
-88005788532,4967
-880744812251,9535
-883331185492,159
-884917640836,10761
-885340279529,6577
-887604727886,3561
-891480046879,2098
-893056288582,3923
-894434182673,744
-894799504305,12758
-897075496635,4004
-89773262053,3030
-898097716373,9272
-90118612885,1916
-902324894118,12449
-902577688475,11576
-904422256705,14054
-905173780340,3783
-90592276296,6227
-90636937765,11699
-907253324402,13289
-907710375793,8864
-909954562403,8235
-910663144295,3721
-91106669542,2323
-911949717343,3357
-91234305317,9665
-91344078875,562
-914595330365,7132
-91520292275,4049
-91643681743,4485
-919069053318,12983
-919793390483,3400
-919984352442,4297
-921977265317,13512
-922286100625,8302
-922904843867,1811
-923111777021,8138
-923860557666,4453
-925063948911,8792
-92539042691,177
-926161411567,58
-928974546893,9336
-93103928417,3120
-93164235502,5375
-931782321814,15527
-93225521623,7022
-932775630943,1431
-933722636227,11598
-936935837519,12070
-937808625389,3174
-939744115107,5204
-940063722437,6165
-943048513134,4259
-946593310074,4993
-946612409480,3273
-947383384357,9969
-948628030492,11473
-948762555995,2339
-948925472268,13967
-949394469718,5703
-95056245539,7628
-951072338932,6147
-952967935235,6924
-958333906233,13778
-9592454546,1355
-96520017159,299
-965239127615,5671
-965974460019,1298
-967219692117,4156
-967289656270,13821
-969100622559,3934
-969280070969,2934
-969626977151,7696
-970537517315,959
-970612571251,5211
-971474079631,9061
-97191091413,532
-972697536323,239
-973222094390,1471
-974074948294,13435
-975329694007,16034
-976336155523,12974
-97702112773,2608
-978290588899,1135
-981526896563,6755
-98190546831,3070
-984570108440,11997
-988492347623,854
-988701538606,1395
-989261323386,5459
-98941195434,697
-98979042799,2507
-989799554567,6411
-989951662471,15
-990078618076,5661
-994031981943,6659
-995667584437,484
-998168059353,913
-999564382350,10607
-999944674654,10355
1004606376068,11271
1008162338680,16239
1008552796706,3739
1008726319162,15511
100935824517,7817
101052524763,412
1015448701655,4593
1015810207231,121
1016627831609,3765
1016718270523,2950
1017986791643,2825
101858754067,5018
1018645294733,5167
1019444222274,2905
1020012389411,2132
1020133234969,15390
1022654412172,4095
102304896103,7338
1024486067080,3547
1024800103859,2203
102507585125,7221
1025670103601,4956
1025688837269,6849
1028533922245,7156
1029245932991,14140
1029914653,10564
1031193821798,6523
1032500890300,10623
1032872688951,5059
1032907502782,2987
1033939999049,5664
1034756177351,27
1034882772537,12934
1035367793775,3736
1036132675280,1711
103758349177,10292
1037596064845,778
1038166869408,8077
1038562570104,4133
1039682125390,4779
1040208843083,5219
104253960901,3493
1044216969583,5194
1047277077700,13793
104868108627,2810
104906220060,11693
1049459996651,10470
1051193535019,6855
1053438669983,3225
1053844192475,4008
1054398908951,2684
1057343282058,6347
1057782592525,13311
1057961110501,2478
1059234139607,10065
1062337805236,14001
1063378576201,7601
1063446972933,12089
106451977646,811
1065720969429,10645
10667262897,1489
1067757671526,6053
1070378332189,2188
107108138825,46
1071596526797,15889
1072268947415,33
1073719268531,7442
1074718830028,2833
1075731561179,1329
107598243965,898
1077062410399,5001
107842150759,1696
1079477688049,1162
1082783045653,11567
1085209889055,1274
1085491098741,7067
1086039660155,5872
108843840721,9532
1088989399834,1735
1093339237523,4359
1093656969569,6377
1094357474413,2369
1094965983781,11733
1096810573956,11593
1097202656347,8591
1098031070142,15163
1098702175572,12221
1100105847463,7844
110100000919,1378
1102023984812,6873
1102259948077,7332
110268116334,16205
1106427698447,4704
1108877413579,8815
11090023956,8389
1109869248841,4319
11156630243,648
1119015979397,6266
1119643974463,13399
112015735461,5207
1120263578219,14203
1121040866885,14832
1121726296097,8858
1122029367395,12128
1123400554178,2889
1124135474906,2259
11242504442,3001
1125956793210,5821
1126193773562,15435
1133236235374,11163
1133356206642,7723
1133626330957,2332
1134839180455,15101
1134840344047,15174
1135716897539,2990
113679266395,2831
1137214259308,3427
1140000759959,3639
1141384994989,1118
1147669836961,13647
114774902612,14587
114834209834,10263
1150259754636,2861
115083048884,2495
1153909214072,6691
115617263288,12265
1156281904699,3602
1158402902700,13217
1159245346241,3171
1161818585265,3319
1162820400013,27
1163203333943,13649
1164266311439,5477
1167778956124,6867
1168515879492,7637
1169671198817,89
1169987467702,14021
11738657515,10584
1175832180983,9222
1180181523924,10813
1180294694677,361
1181878063638,7867
1182473068321,10240
1183135021836,8989
118314439965,11677
1183772750701,1387
1184026164647,12933
1185288336919,12128
119038443952,1193
1192550745942,12725
1193005441470,563
1193434777368,13811
1193951189601,3104
119549799988,11277
1197188788006,6581
1197954851528,11125
1199876454220,2511
1200707436080,7659
1200980781613,2720
1201759905383,13423
120544732184,1795
1205499885295,1291
1205702765151,8311
1205879868883,14986
1205898439523,7106
120622491107,3670
1206831188551,5063
1208201346941,11547
120845159624,3067
1209310564551,518
1211169005488,8909
1211205517863,19
121127281697,9036
1212695737771,3275
1212845988308,223
1212978494419,7073
1217806814493,4918
1217911898909,8701
12184816017,3481
1223844350789,9466
1226657485502,13553
122685855652,477
1228286297721,7600
1228427634811,1380
1229523482266,1195
1232538636599,9145
1232954570086,7061
1233940199557,1228
123405294002,331
123505955065,843
1236564922593,5069
1236844891359,1370
1239568455081,4310
1240340490768,14015
1241388819120,11383
1242749354731,9628
1245424894929,8110
124678249443,6560
124758494393,15007
1249754657321,12480
1251365472843,14288
125262369516,433
125304675380,14529
1254238623329,6857
125445278125,6528
1257940558701,3662
12589827311,2695
126209616899,858
1262796322303,6368
1263833870877,631
126662747438,245
127314104119,4059
127339515619,5446
1273950526448,635
127527512231,857
127683342759,10
127983862043,5864
128059719030,7847
1281603355907,4902
1282249317552,10501
1284460036053,3844
1286895061235,15467
1287735604886,15405
1290497890603,12272
1291963509977,6022
1292365691716,13601
1292989729307,399
1293976956044,869
1298668170097,9973
1299606104213,3462
1300992264275,1732
1305741882234,14303
130957384579,5066
13107823673,1191
1312020964014,15287
1313127986287,16100
1313337653577,46
1313478146675,4704
131386468143,5092
131404147208,12475
1314065873454,15415
1314438178067,14177
1320403891750,15947
132337404160,2811
132372940381,15480
1324147389036,12143
1324179564679,2472
1324666942016,5179
1329740199218,1315
1329832873812,16273
1331562711656,6755
1333788962331,12067
1334079573620,14449
1334791156140,5579
1334911942646,1631
13355744533,5980
1338014380681,7910
1340342890853,1144
1342342021975,814
1343913038137,7494
1349223058989,10148
135087704383,204
1351178882189,15581
1356903588007,151
135792698181,14341
1358827344683,8457
135929033771,575
1361843279482,8791
136241230863,7631
1366123441537,16254
1367025373201,11140
1373411448447,5518
1374476185821,7832
1376613836759,1142
1378092560759,15823
1379988949515,1498
1385302857109,15295
1385682902832,3149
138668838547,660
1388389664858,6197
1388836159153,6233
1389816410946,6347
1392012060257,1648
1394668406349,16162
139580372146,10029
1395861659999,3449
1396556067955,14432
1397392234647,15272
1398539011124,941
140337906628,389
1403625896931,2074
1403760140767,3068
1405465909861,4891
140600950188,869
1406703481915,308
1406796032687,9539
1406914527452,8929
1411273996529,11634
1413294851281,8854
1414501310538,5815
141519994795,6074
1420007949371,11428
1420397679947,1652
1421161922185,9437
1421406122803,5618
1423228243238,13555
14235553715,3313
1424970524636,13195
1425000960412,731
1425112347802,27
1425647218998,10597
1426390807250,3793
1426414107873,1253
1426868995968,413
1432499205950,8271
1433868637050,5047
1434445144199,9513
143450996592,5683
1435274807120,12107
1435777530083,3547
1437738962179,5796
1438376381413,15076
143856560143,3089
1439552313170,6909
1441116470748,4999
1443362829897,14117
1450844677988,1667
145116520642,9123
1454065081339,13565
1455098379430,15897
145533568425,1151
1457953511785,3162
1458867648123,3925
1466331098533,950
1467519327013,1918
1467871742983,477
146818403314,10561
1468352161877,5320
1470057088741,3104
147216020585,3202
147359070884,6299
1475499289483,10175
1476917353085,14437
1477103685601,8330
1477542151818,4031
1478602343307,29
1478914806492,5407
1479975978809,13321
1480654712701,7464
1481845513859,7140
1483507346005,8816
1485157026799,8866
148536021802,15273
1485392954471,3355
1491231174084,15109
1493254527680,10891
1494029563478,2627
149781488366,5817
149980132652,533
1500558758737,3153
1501938839193,10862
1502051566494,12131
150261289214,125
1503423178783,9409
1505250095264,15699
1505346590767,1035
1505498361919,2198
1505987915209,14305
1508842150971,11623
1511713567843,7366
1513232720755,387
151344363371,13652
151580825110,8677
1517642483969,7847
1518986494793,11096
152060424001,6029
1522094762650,10023
1523740470638,4691
152384406390,7433
152385731411,12024
1528200632217,8626
1528593061463,9169
152922494771,15534
1535354508098,5889
1536658199965,5766
1536997076629,10977
153817761261,6734
1545448753570,3497
154715728729,7010
154735828143,9736
1548084538847,15144
1548634636224,12263
1549855365950,12111
1550224279139,6622
155207136344,6939
1553122131047,8500
1554523539493,15895
1554601193324,3591
1558116531896,1361
155997916048,8135
1562202518227,7188
156319739519,3430
1563679479709,6
1565380504934,9485
1567445166102,8651
1569584874284,1005
1570450079989,7204
1572769108319,3174
1575673257797,6132
157664403331,2634
1578460926367,6950
157886845918,8273
1579055895621,2383
1581360646598,327
1581508016671,5982
158367757548,1823
158559861336,4195
158690859323,4195
1587632898319,6849
1591009772168,3239
1592468093735,6312
1594077452015,8891
1601523084190,6193
160210929136,2275
160216510219,1762
1602756365701,15643
160307346043,288
1603843267718,15539
160472261599,5396
1608666674537,7378
160995263473,8813
1610016982337,8614
1613551496779,13768
1616207651902,6383
1616787792847,12761
1619607750737,4354
1622564610121,2943
1622775557373,13963
1627313068243,7134
162897185913,10672
1632312950903,3069
1632478998955,13703
163509736543,11910
163516822856,6767
163549880747,6663
1638546652184,15765
1639198620533,1628
1639863726209,2671
1641918780415,1313
164371192872,9553
164375932727,1077
1646053683206,7453
1646765762392,627
1646931101220,4481
1648364529175,3188
1648481791770,5603
1650646530889,520
1653891795386,3663
165570520279,5944
1655772997407,2846
1659796637803,15963
1661912162405,12663
1662831323016,6185
166286598218,7171
166297626249,1283
1664285309124,6769
1664918408208,2615
1665561432595,10176
1666176378979,4868
1667005788176,14613
1669517258425,4624
1671209398225,6127
1674737058146,10565
167740155292,6335
16777928837,3258
1680439607463,3455
1681461564751,7576
168268891189,3065
1684988388893,3058
168806067389,6204
169113825493,8244
1691389532564,9435
1696803450605,1622
1698786288537,6814
169959740489,1796
1699763465145,9784
1700617395001,8475
1702767621280,9171
1702974206749,1539
1703519552894,8471
1705885990023,5915
1706271217592,6061
1706684657985,2677
171062118504,977
171063420929,1012
1712188915615,2558
1712691075017,2302
1712786942599,1298
1713819776355,10468
17144133075,14564
1716386990423,2193
171963292607,16127
1720009849615,7854
1724309757268,11005
1728171915320,10257
172918012327,8484
173348496729,7756
1736626779488,12895
1736994069532,2541
1738145928878,12453
1739128474577,11905
1740661667569,7043
1745069577841,4749
174694255087,240
1747709373886,12049
174806611663,8567
174987663437,1284
1752055676588,5947
1753288444351,6796
175427739371,9986
1755256221103,6841
175695342113,11625
175941443440,229
1759487125697,6700
1762094560089,3088
1762393031191,14068
176279767339,9741
1763196717749,7106
1766104323378,7609
1766813645246,2261
1771290478504,1817
1773480145842,9487
1774386017327,4868
177500356893,1906
1775142780484,1955
177839984763,13331
1780717038115,7493
1783146828013,13973
1784063305730,3453
178515607475,112
1785255729745,6281
1786838841616,6331
178731800543,1265
1790367188950,5213
1790672508085,11552
17910983243,5376
179398528247,707
1796691154184,11449
1800155893865,13004
1806386100859,7077
1808188729626,14749
1811003340248,6751
1812842788555,1242
1814251445587,9286
1819611533405,12416
182027497033,3190
182682507794,21
18274948393,13360
1828367857121,4426
182850882867,3661
18287345531,706
183148880972,1735
183215517577,772
1834762759414,2517
1834909888067,6444
1835239256033,4418
1841954534490,8411
1842181913852,1031
1844340957545,3088
1845272668883,2012
1845629103861,5053
184880942537,1246
18497175493,3193
1852045671653,14490
1853204205707,874
1853746428129,4174
185423087048,12241
1854489861656,7095
1855184187317,14872
1855991299731,3260
18588321299,11360
185916668261,1957
1860344843195,12427
186198540122,1087
186515941633,8663
187028789001,694
1871084344442,6483
1872996161948,143
187315572645,1843
1874555011811,3064
1875557985399,4441
187682067892,4963
1878219391997,12970
1880661814954,1611
1883189116018,14713
18842379647,15622
188840565475,7493
1891144608394,14815
1892290331028,9653
189472634469,1211
1894842927601,149
189866679333,65
1899404591640,12017
1900212749873,8632
190086231739,5407
1901475363404,8373
1902300962962,301
190533137107,13242
1906858033247,12715
1908001796894,6109
1908886899232,1507
190992739724,15619
1918712049380,9327
1919489680706,6263
191972683033,8146
1920767426357,6842
1922365924739,36
1926455804813,243
193174763017,11055
19318035617,1246
1932430597708,10147
1932825480097,924
1934178036852,14075
193818089431,812
1939442392199,12255
1940157616807,5113
1941739595069,9471
1943605467563,12271
1946399323743,4142
1949313910531,14405
195265200680,4793
1955810301553,12242
1959314814129,6320
195998096367,5362
196047244185,1412
1961058688551,77
1962395251,557
196240229871,8641
1964429283646,6317
19685503628,1905
1971092005301,4614
1971756247441,1051
1973089215105,1201
1976908992593,8491
1979944446689,8213
1980004781560,3569
1980005852073,11798
1980127257276,1055
1980352349312,7127
19810498931,704
198120810479,3982
1981622903773,12515
1982334869237,6458
1982442058490,7929
198492289157,5258
198533354213,12911
1985846625649,1331
1990344462782,3561
1991748554219,4998
2001493812289,10363
2002110851418,10259
200767256930,2077
200842069909,4746
200869814431,883
20133026993,936
2014980327249,11074
2015651982353,7938
2021640215106,8621
2021809388117,14462
202293147225,3872
2024278733078,15479
2026696547707,2823
2026843872625,2413
2028453825999,1816
2029529826032,8597
2030249726665,3712
2030759697113,9330
2034224020143,7390
2036469451883,6142
203882462879,1400
2039632413058,13419
204275043671,7037
2043598238795,9779
204569413657,2803
2046897949022,6743
2047566162689,7481
2048514245809,10628
2054198230221,4075
20544435849,1091
205608468512,1047
2057823361716,10561
2060090501361,6692
2061895626902,3459
2062262897372,8247
206475611797,5986
2066690469022,12731
2069008924225,12572
20702663152,13709
2071187376985,7166
2071241902281,10439
2071815693691,2116
2073726717305,11853
207490603388,14269
207793973173,2093
207950697030,1187
2079656832035,1953
2079700036340,11341
208409109332,13141
208610793019,12208
20890186668,635
2096433828157,13926
2099376434122,10411
21029209217,8593
2110100530132,6327
2112044774450,6223
21122177026,23
2114437767078,3869
21181023821,105
211828635177,15271
211920183769,4747
2122179549051,6134
212250996784,4695
2122636876984,5953
212639598954,595
21270082771,10209
2128876747237,16236
213000332695,7916
2133695956956,2923
2134889498783,14634
2137349859821,8105
2139369850970,3963
213997588969,348
214282232272,587
214451785954,5221
214676480037,6953
2148026520519,8201
214831909301,3502
214952219779,2489
2151836764043,12309
2152299962638,12605
2155679451302,11875
2156731603881,7196
215840213021,10442
2159321137753,15837
2167564134191,8945
216900340447,3911
216946838947,1199
2169645965645,14114
217239453718,6477
217632215528,2083
218145024971,11788
2185697801,130
218696686628,7015
2189723171761,5694
219086981597,376
2191156418961,14503
219979236867,716
220180548995,11508
2202428880,11
2211504127709,6964
221516111323,6405
22188505995,2624
2219759216745,11612
2221047421229,10502
222215081766,5477
2223613978498,5155
222503719887,2348
2227493899783,12652
2229372827259,11692
223270241998,13753
223377852625,11031
2234909537989,5476
2236078502569,13116
223728377089,6238
2238497234537,15308
2240355097303,4780
2242721687005,6524
2249679910687,9183
225301399187,15587
22562451365,2288
226087230531,9010
2261274451075,4684
2266325221115,14559
2269425097788,16099
227085314768,4307
22728144761,1919
227706257929,11170
228682689692,269
229718854855,11661
2297360977277,8998
229893791406,361
230163761161,16270
2311011392904,12095
2313673094351,5368
232167686789,10774
2324026721177,15758
23266219799,2715
2328280925826,5159
2336962711507,15298
233946918403,8234
2340140206561,14724
234386555093,3421
2345153635634,8195
2348073509051,12353
2349426727897,13150
235298757791,126
2356585688399,13995
2357235355134,16025
2359362325557,13288
2359473759535,11494
23613392173,211
236445424174,9149
236605159905,10613
236605604711,14698
2366963574519,9830
236778158023,404
2367909744187,8196
236802383841,12508
2369838013512,11023
237477702275,13511
237884764046,2371
2387869130398,13773
2393241988653,5983
239963838782,8193
240140962204,11355
240635983199,1818
240817972756,8955
241191923669,16236
243885940358,835
244062438516,277
2445204220499,9405
2445345914843,11792
244862934997,12603
2449164151474,14161
2450499981009,9896
245883748484,2661
2462730324719,10637
246824782619,15794
247324326388,16161
2474622992777,12339
2483063727617,7886
2486815415310,12251
249349431853,530
249636513142,13043
2496882221509,12083
2505442758443,14540
25059684311,4302
2507717953710,16313
250963168499,2026
2511098168687,14868
2518181916317,10033
251867595091,3490
2528901306258,13735
253036565064,2291
2531701220390,13039
253250448390,223
253925228021,4728
254084084940,2413
2541734176471,14904
254540811293,246
254546675180,8137
254675832515,11223
25469953883,12806
254846897227,5033
255001521083,221
255202084659,4949
256049874660,127
2562860403059,8306
2565570616379,16278
2565770869507,15547
256617785894,7197
257610574667,12944
2577405679878,14233
258088694531,10329
258604817462,1981
2594543385797,12261
2620691963,2279
262224452308,1059
264242160014,3327
265530927300,3119
265604752633,476
265606317146,5605
266107494336,6643
26614351411,14978
267096641819,3324
2677532346797,14241
2681188716799,14648
26835423225,1126
2691043132584,11507
269354414005,10411
270866123435,3516
271092545717,2370
2712872964364,16361
271623035900,10461
271716505735,14672
272202661556,1215
272663875574,9891
27268331149,3340
273126235314,433
273284472899,577
273390773574,319
273598957613,4046
273749812925,2276
27461134231,7753
27546169123,823
2761441955293,13602
276623076559,10599
276983714647,12184
277092860925,4226
277408991929,8376
277833757813,2757
278558808661,4939
278682635086,6051
278850992956,9003
2789010362365,14741
2792774568346,12521
2796470054943,11950
279698066063,5572
280143388163,3333
280238261545,12697
280624946713,9673
2811135193947,12404
281479045982,3723
282507101159,2870
282824472899,9484
28367089877,4442
284201178780,1553
285067228740,8327
285378829935,11879
285918525514,11095
286482284358,1955
286666209266,907
28672677820,15209
286948380296,9953
287118950155,5694
287952136231,5115
288056212791,572
288061428348,1361
28837499999,4272
288981312516,16271
289502230921,15062
290345823969,6220
290571430815,15176
291515337703,70
2924657029157,13037
2936844834541,15862
293735896838,13157
294458729494,857
295121662081,12406
295242092185,411
2954033480035,16009
296534491705,3823
297018592886,677
297552826823,1441
298478455567,2517
298624890077,5496
299265125429,15779
299296823788,11233
299423340281,16187
300672636572,1069
301200637316,4653
30123212113,854
3012528763128,16115
301541772539,8166
3017917270172,15455
302929142519,7083
30313022938,4605
303285967005,12076
303691919995,3926
303720061945,4258
30416039479,6138
305342457058,2235
305936379347,3626
305966637034,649
310505532833,8169
3116956116277,16328
313198483504,93
313554293511,3620
314249805659,5653
31442197055,3286
31456229795,7
315169527959,5856
316663644136,13555
317551161936,7873
318225468847,1680
318819902359,3091
31960225837,8341
320172261935,7114
320705900971,2936
322707568157,7483
323308444565,7024
323918420603,7126
323983916360,15009
324861673181,2555
32530036179,3844
325354784570,1033
325496644741,14182
325531000931,1870
325582834181,8971
326239096258,4275
326746731771,6746
326823437221,4917
327648419205,9229
328034588393,12185
328115599628,12809
328975239196,4141
33120294405,1862
33192443919,1160
332168243181,1972
332531743633,5347
333006128744,555
333561879284,5279
333632209715,2658
334658086373,43
335643355723,15084
335828883991,834
336403561051,1888
336753014362,8729
339716715388,5241
33981621651,1004
341100286803,3754
341266180214,2563
34135333983,1457
341498332772,3861
341519087438,11657
341606576810,9947
34235856,7085
343454261953,389
343630626001,6023
343982769573,2510
344570591407,12331
345713964877,15005
345746504065,2346
346293894365,1192
346318793669,791
347659425545,12757
347720907629,7568
347766400475,3472
347930851123,552
348203712341,2331
348237769602,2317
351025705326,15511
351138474903,11110
351303250080,14531
351411808323,4793
351779077609,3872
353271097241,19
355093775871,15359
355154186933,12309
355808239791,2834
356163132726,9005
356455181761,1753
35705998354,2481
358032800013,13897
358924258359,5906
35914286508,943
359199088336,10059
359214606406,57
359439454163,9062
360030426068,15649
361889370120,1409
362269732072,1131
364298320623,8219
36480970276,1741
365415785267,8134
365489430078,15467
365999385722,505
36617049397,1602
36656008643,9140
366598400679,8348
368707374392,5465
369124714977,634
371394691081,237
371584352392,3737
373043306405,262
373467577739,5802
373495734711,3046
373613069080,3737
3752507782,531
375577896889,321
379286659083,1096
379774302123,16223
380316015406,3319
38141746269,1934
3828700871,3801
383014146287,2169
383031068308,3541
383324216741,12431
384060700145,12516
384468250415,9372
385322109313,6591
385571700197,657
38576604402,8161
386095598023,11216
388186055829,5542
388364555591,3414
39000620634,2885
390434244381,4748
390593713307,6285
393577293165,1439
394541596316,47
396242694637,8115
396675542075,1032
396858711169,9141
397517788787,4166
398850295315,4142
401166203567,222
40228977984,11737
403150793482,1133
403259848435,15536
404329398611,10111
40435607701,4143
405834288508,3743
406256682676,7833
406551210248,7539
408012811777,8584
408103755179,10128
409045378679,2588
409513900167,13658
41039058782,973
410764390513,6901
410833594781,10605
411864686933,5662
41250393849,5066
413336075045,3459
413751040017,12619
414074669183,12750
414539029786,6129
414690373378,14299
415235110019,13240
416016060345,9514
416156083001,180
416724324573,349
416853602842,4267
416999074110,13873
417490119302,1697
417572099157,14851
419007067794,13385
419522351144,5297
419622506990,11091
420192082366,1713
422589886881,8278
422600013053,3551
423309879757,781
42344742269,339
423462917328,9613
424703868774,1091
426382268857,5486
426745363706,8393
427978420027,635
429620270485,14503
43043393614,16217
430693374038,14829
431208810479,8962
431484263422,12303
43268488667,3630
432980134133,3688
434631604679,5980
435274570183,4651
436667238048,1669
436827063731,6582
437802054975,3169
438826046324,16043
438874800045,302
439953426665,4986
440007686425,3286
440525388853,8828
440566283441,60
441509410639,2334
441529071692,5277
442292534396,2403
443235045751,5613
443578801989,7280
444166523410,12529
446709595685,1051
447029310156,2077
447113768101,4295
447261811556,935
447582730318,16227
449148651216,8677
45001275307,13995
45108243079,245
452919602545,15298
452948194883,1206
452973553643,947
453080720515,15753
454226878438,8239
454443213992,5561
456589670885,3091
457545058646,10373
458624383726,10655
45871149437,6985
460709723404,9239
461133585419,10781
462024845036,1111
463468840983,11813
464109529481,3206
465244026811,5700
46688033462,527
46743858979,9031
46903787377,1858
46904087009,323
469414559459,9856
47069423411,1275
472665417741,3572
473395233044,14461
474588968519,9455
475610327493,1879
475721633264,4701
477056436221,15205
478574824066,4085
480234913206,7451
480236970677,15621
48030699192,5011
48073024242,2465
481456032413,3381
4817059259,3469
482488741946,881
483507215149,4625
483926849965,14543
484535619805,13196
485183896178,2255
48602030506,3927
486022049992,9743
487049291297,4200
487315668965,16377
488496860813,12764
489857288682,2789
491347433817,4450
491900114828,10021
494083941871,3222
494289600801,923
495633200190,11701
495929081778,2845
496025585789,3675
496249486533,4420
4969927372,7887
497860920971,1080
498432551136,8191
498658974929,15602
498811757084,9447
499222213142,4815
500208837819,15914
501214004348,9831
50442447887,14628
50457171805,7202
504590538641,12049
505163057303,5258
506291900433,12869
507176006279,2807
509085049297,10861
512316991433,8431
512696241718,6235
513193536623,8510
51372738944,16099
515390052673,10853
517496837777,1247
520048526324,11811
52077010902,1541
521066827951,14802
521857533623,1704
522006904502,3219
522225547258,15531
522379961981,13352
522520299085,1642
524470507851,10318
526174211174,1683
526908706883,7196
527785061414,11711
529039154814,1367
530294889665,3142
532203886497,3373
53327803993,7074
53420545510,9349
534543115156,1485
53515016440,10491
535313443310,829
53691478,10055
53707585795,3952
53753318399,11753
53763874797,13846
54119008430,15777
541593658820,6121
542661924772,4341
543705890031,2032
545773984689,12104
546700944267,2138
548327195069,13427
549891292610,6389
550698344569,13626
55113775005,14476
55351007635,4457
553517306,357
557496028601,15888
55807528297,2439
559987539466,2005
560342897421,1363
56064306730,7907
560763568477,360
561699700259,3688
56201412520,351
56313319463,1079
563315411413,11570
563403001497,14003
563959420639,8454
565225805798,13529
567010102409,12198
567864700762,16211
568104196692,4097
56977417061,11331
571895953717,11932
572207192027,13335
57230096913,14659
57282504329,824
573618394605,4871
577429827582,11359
578379135140,10677
580141565833,7747
580544552138,535
582020619895,652
582578418632,9827
583143851285,14072
584037450165,1387
584288025495,4358
587126998877,8220
587194790079,1454
587344897986,2557
588607116895,2283
588847543112,609
588981058343,2936
589732071587,7327
590709344917,1078
590995886616,47
591028638888,97
591169069606,7421
593898194452,10191
595326117420,3667
595836390243,7244
597620492813,13719
598857311719,4746
59923843958,10165
600664126740,10241
601274222685,9334
60165906103,2435
603260640997,7746
603789261036,13433
605536979510,4229
606900246971,6346
61050732592,2957
611050223257,7676
611565810251,10403
615718967,89
617831280053,16339
617912466287,1021
618021292159,2179
618370163780,14197
618951355851,3383
62067957770,829
621793992192,13931
62193568883,3348
622514813609,7416
622908244075,10453
623118005282,2855
623294920893,7847
623400167603,11253
625833085691,2026
626064910289,8020
629974550316,9205
630533562599,5901
630709936800,917
631058875366,2571
632875914773,14703
633891140025,3283
634788189177,13099
635118409204,9415
635865179612,8243
638679324609,14029
638862754891,5700
639083960551,10485
641154934185,1016
642867502789,1592
643124733310,2529
644794383937,6814
644849516507,14096
645470658446,7961
646691542675,7028
646913168243,6992
64766892995,4087
650267491235,2962
65187650201,1587
653958144791,6315
655467774905,6587
655759995684,83
655782324286,5239
655962819201,12104
65694987261,2006
658311289199,5524
658999833473,102
659131420049,9054
659433574897,11255
659645492530,6727
661443820649,14948
66224962396,2831
662724959978,3533
664780440973,1855
668063856295,7322
668914708403,10895
67038424172,1219
670753463182,3361
674343200981,10283
677246192745,977
677835244155,10598
678377021059,702
680600505671,2938
680613490729,4169
681104155989,2122
682062288035,7634
684201915823,14342
685828308073,14500
687699670119,11065
688227291235,14046
690724684859,9990
69105732060,4763
692934734560,8349
693978338743,1194
6945441563,3528
69526537539,10721
69903496518,5929
699700722437,529
70178329702,5853
70379018073,7459
704609291819,2816
704624517376,14571
705153088179,16247
705621189989,5635
705721195919,3049
705907391792,1111
706376355227,2126
707170812349,13180
707471575907,8283
709463510495,7238
709660191412,10663
709758027698,2321
709946123609,12317
711334781271,3584
711886593167,4330
712173010589,9294
714148414547,15551
716481140009,2768
717523730727,236
718360269391,11068
719444441015,3966
721083302585,15153
721378498519,97
721642201035,14834
721946809583,13347
722103937947,12724
7239432334,5207
725073432127,15493
72555728420,4629
725579217093,10384
725770587736,1561
72578960268,4651
726158359209,3824
727016701287,2150
727375595113,16290
728253962511,7
72846816699,8422
728589680567,14160
729838103001,3763
729851754931,6044
731347592001,2797
7324083189,295
732545141168,811
736752082973,2903
741133875289,49
741136669971,10241
741497848579,11322
741693975911,6128
74254039423,15540
74289378314,4737
743595835579,14289
745560364517,462
745907193473,6419
750185509111,4745
750342212772,905
75059672459,4521
751044662184,3001
752653087625,15588
75334742751,5272
753416618294,11787
757005171923,1075
757484292118,7065
757554299933,30
75909978166,15063
75961957583,3270
76002239536,3601
760823692170,7157
760889950043,3733
761811951929,7626
762474299133,1030
763097714239,3160
765922196602,1645
766062318745,11856
76789546030,9463
769210714067,11221
770851105889,8608
772654348612,1065
773657265827,14880
775119989917,10095
777365487631,838
77829845627,15151
780585415589,851
782508823843,912
78322444651,11475
783593623235,1919
783790449258,15989
783889182618,7363
784435876243,4824
784563975941,10968
784602015603,4376
78621314404,2115
786463251607,2367
78655236599,3424
788351118751,6144
788413752665,12658
789019559893,4612
789072903071,1956
78946754837,8279
79060110393,9380
791058111689,3110
792405443435,3307
792574337915,12172
793627642847,4900
794106267147,5999
79488761069,1056
795400260074,2193
795583799758,12975
79589077537,8416
795906122461,12108
797034208968,8693
798657445015,7314
79971691094,3501
799757222489,6672
800198149032,2183
801098848807,14082
801617935186,2409
801833568621,1183
801957734586,799
802652436371,12639
802735002431,3495
803329314407,3909
8071714269,8651
8076425507,7660
807797716567,7312
809116273951,3865
80936527,33
81025080834,1625
81298730933,3217
813072746291,5768
8148360607,8249
815076046708,13833
81522191655,4189
8157605072,813
815850592897,5884
81847877335,4852
81883069123,2507
820258099952,6081
820734138737,5652
825804907818,5801
826900194967,5666
826981624069,6237
82712263503,4007
829458753989,12460
830097373146,1607
831238605809,12216
831900972837,4408
833396033837,1834
833399194845,15038
835753114223,3693
836268164722,8783
836444357224,3195
83802414365,5282
84047449792,11
841070273579,9859
842648066069,4992
843366437476,3541
844373207388,5977
844640578863,722
844644806774,4811
844655962149,8357
845933247136,3495
848264160963,9122
848398787303,3785
848479621513,10550
848671090145,218
848859425825,1228
84939235115,2896
851811045355,10226
853304757801,10516
853480305514,15313
854007366077,12516
859093762413,1430
860307266143,11312
861531900287,14054
862594838076,7627
863004517820,1823
863130268060,1383
863352460022,9485
863421103702,6831
87320931871,799
873626167597,14771
874072871170,3079
874303966518,12587
874728703559,2919
87485300026,951
876479973407,3951
876618353755,3704
87685583991,5009
87865496209,10622
879058988557,1958
879604284225,3254
883068312301,4520
883296026917,9068
88393492337,1060
888835421595,1406
890051901974,7151
890503753741,4706
891006708589,7147
893471451518,1011
897054676628,3695
897193411226,11043
899920649089,6158
900911757037,13403
901136251848,14377
901643379924,2573
903802192249,6583
906021635333,6089
911109324969,6829
911570408725,15206
91199062823,12582
91372880420,2777
914823025455,5776
915226967047,1500
916675786513,1166
917200847427,382
918424905429,3794
91898951511,1379
919644036681,326
923228084176,15247
924031064003,10598
924090075482,6941
926870563336,9953
92700185563,13075
92879247876,8755
930201160564,9123
931026006947,1545
93115003830,4199
933220383827,15645
934727641885,10717
93560974753,10101
936659158285,10541
940949651401,4376
942910206257,3560
943274191299,343
943626882041,12233
943878646269,10507
947636295796,2383
948003636909,3580
952138502610,3541
95363048278,14171
95395272149,3605
95927181896,2073
959535920030,1983
961738511132,14085
962019111169,439
962044846903,9946
962604370784,11199
96343330100,6553
966109964804,413
966460949570,13383
966606524119,7767
966631853222,5977
96688934332,1879
967458545655,2386
967550394575,12404
967823203214,4133
969471742714,10955
970008599591,3203
971252704738,1845
97248954661,96
974823970457,25
977120273904,187
977575413815,12422
97766685567,376
979173088876,1843
979801165187,482
982181096965,8152
984608083967,12263
985289590191,14830
985981774357,951
987402391673,11092
988063639926,6265
988081883563,628
988210572991,1554
988717131543,9464
988824039847,2059
99025124971,1523
99073645265,11896
99586408307,2570
9991862169,9413
