-1944779377970 3897
-1756624045237 16232
-1690558520172 8087
-1531231347095 2266
-1371812439495 2974
-1414240220197 9248
-1441291615147 14218
1197188788006 6581
1073719268531 7442
-1148823280163 4939
1032500890300 10623
934727641885 10717
-1043586612596 14117
-943048513134 4259
-884917640836 10761
-845143795233 9875
709463510495 7238
736752082973 2903
491900114828 10021
-570656465239 5589
365415785267 8134
369124714977 634
254675832515 11223
298478455567 2517
-372574502414 14251
-340574004683 11067
-257003479391 1069
-221780949361 312
-208003464347 2105
-183494333134 783
-138913230134 433
20702663152 13709
-114302564793 6794
36480970276 1741
34135333983 1457
-136664197821 13097
-36057898952 1033
