# relation containment over the band, 67 lattices, bound 143/141
lattices: 67  (basis matches las: 47, differs: 20)
relations: 3162   unattributed: 0
  CONTAINED (in our region, is a survivor): 3026
  outside our sieve region (basis differs): 136
  in region but NOT a survivor  <-- real : 0

  basis-matching lattices: 2195 relations, 2195 contained (100.000%)
  basis-differing lattices: 967 relations, 831 contained, 136 outside region

# lattices where our basis differs from las's (bench v2 = las v2 - v1):
120000007 30589397 ours=(30589397,1,120000007,0) las_v=(30589397,1,120000007,0)
120000007 120000007 ours=(30589397,1,120000007,0) las_v=()
120000053 112625526 ours=(-7374527,1,120000053,0) las_v=(7374527,-1,120000053,0)
120000053 120000053 ours=(-7374527,1,120000053,0) las_v=()
120000103 114137630 ours=(-5862473,1,120000103,0) las_v=(5862473,-1,120000103,0)
120000103 21725368 ours=(21725368,1,120000103,0) las_v=(21725368,1,120000103,0)
120000103 120000103 ours=(-5862473,1,120000103,0) las_v=()
120000107 78424049 ours=(120000107,0,-41576058,1) las_v=(120000107,0,78424049,1)
120000107 120000107 ours=(120000107,0,-41576058,1) las_v=()
120000121 44904193 ours=(120000121,0,44904193,1) las_v=(120000121,0,44904193,1)
120000121 90869136 ours=(-29130985,1,120000121,0) las_v=(29130985,-1,120000121,0)
120000121 120000121 ours=(120000121,0,44904193,1) las_v=()
120000137 102038877 ours=(-17961260,1,120000137,0) las_v=(17961260,-1,120000137,0)
120000137 120000137 ours=(-17961260,1,120000137,0) las_v=()
120000169 35315497 ours=(120000169,0,35315497,1) las_v=(120000169,0,35315497,1)
120000169 4086701 ours=(4086701,1,120000169,0) las_v=(4086701,1,120000169,0)
120000169 76391812 ours=(120000169,0,-43608357,1) las_v=(120000169,0,76391812,1)
120000169 120000169 ours=(120000169,0,35315497,1) las_v=()
120000193 43013123 ours=(120000193,0,43013123,1) las_v=(120000193,0,43013123,1)
120000193 64097954 ours=(120000193,0,-55902239,1) las_v=(120000193,0,64097954,1)
120000193 120000193 ours=(120000193,0,43013123,1) las_v=()
120000197 95768700 ours=(-24231497,1,120000197,0) las_v=(24231497,-1,120000197,0)
120000197 120000197 ours=(-24231497,1,120000197,0) las_v=()
120000203 118007477 ours=(-1992726,1,120000203,0) las_v=(1992726,-1,120000203,0)
120000203 71793933 ours=(120000203,0,-48206270,1) las_v=(120000203,0,71793933,1)
120000203 73021443 ours=(120000203,0,-46978760,1) las_v=(120000203,0,73021443,1)
120000203 77236062 ours=(120000203,0,-42764141,1) las_v=(120000203,0,77236062,1)
120000203 91356318 ours=(-28643885,1,120000203,0) las_v=(28643885,-1,120000203,0)
120000203 120000203 ours=(-1992726,1,120000203,0) las_v=()
120000217 15208919 ours=(15208919,1,120000217,0) las_v=(15208919,1,120000217,0)
120000217 36758179 ours=(120000217,0,36758179,1) las_v=(120000217,0,36758179,1)
120000217 50870300 ours=(120000217,0,50870300,1) las_v=(120000217,0,50870300,1)
120000217 71637940 ours=(120000217,0,-48362277,1) las_v=(120000217,0,71637940,1)
120000217 83848723 ours=(120000217,0,-36151494,1) las_v=(120000217,0,83848723,1)
120000217 120000217 ours=(15208919,1,120000217,0) las_v=()
120000271 9759093 ours=(9759093,1,120000271,0) las_v=(9759093,1,120000271,0)
120000271 120000271 ours=(9759093,1,120000271,0) las_v=()
120000301 68398327 ours=(120000301,0,-51601974,1) las_v=(120000301,0,68398327,1)
120000301 120000301 ours=(120000301,0,-51601974,1) las_v=()
120000311 114470337 ours=(-5529974,1,120000311,0) las_v=(5529974,-1,120000311,0)
120000311 120000311 ours=(-5529974,1,120000311,0) las_v=()
120000319 117012818 ours=(-2987501,1,120000319,0) las_v=(2987501,-1,120000319,0)
120000319 120000319 ours=(-2987501,1,120000319,0) las_v=()
120000329 58727179 ours=(120000329,0,58727179,1) las_v=(120000329,0,58727179,1)
120000329 120000329 ours=(120000329,0,58727179,1) las_v=()
120000341 80127018 ours=(120000341,0,-39873323,1) las_v=(120000341,0,80127018,1)
120000341 120000341 ours=(120000341,0,-39873323,1) las_v=()
120000373 33776581 ours=(120000373,0,33776581,1) las_v=(120000373,0,33776581,1)
120000373 56685314 ours=(120000373,0,56685314,1) las_v=(120000373,0,56685314,1)
120000373 120000373 ours=(120000373,0,33776581,1) las_v=()
120000449 10416818 ours=(10416818,1,120000449,0) las_v=(10416818,1,120000449,0)
120000449 58463320 ours=(120000449,0,58463320,1) las_v=(120000449,0,58463320,1)
120000449 120000449 ours=(10416818,1,120000449,0) las_v=()
120000527 67078188 ours=(120000527,0,-52922339,1) las_v=(120000527,0,67078188,1)
120000527 120000527 ours=(120000527,0,-52922339,1) las_v=()
120000547 14531276 ours=(14531276,1,120000547,0) las_v=(14531276,1,120000547,0)
120000547 120000547 ours=(14531276,1,120000547,0) las_v=()
120000557 101152141 ours=(-18848416,1,120000557,0) las_v=(18848416,-1,120000557,0)
120000557 87890313 ours=(-32110244,1,120000557,0) las_v=(32110244,-1,120000557,0)
120000557 120000557 ours=(-18848416,1,120000557,0) las_v=()
120000571 83568942 ours=(120000571,0,-36431629,1) las_v=(120000571,0,83568942,1)
120000571 120000571 ours=(120000571,0,-36431629,1) las_v=()
120000589 75985003 ours=(120000589,0,-44015586,1) las_v=(120000589,0,75985003,1)
120000589 96036637 ours=(-23963952,1,120000589,0) las_v=(23963952,-1,120000589,0)
120000589 120000589 ours=(120000589,0,-44015586,1) las_v=()
120000593 43567483 ours=(120000593,0,43567483,1) las_v=(120000593,0,43567483,1)
120000593 120000593 ours=(120000593,0,43567483,1) las_v=()
120000619 36581265 ours=(120000619,0,36581265,1) las_v=(120000619,0,36581265,1)
120000619 49748609 ours=(120000619,0,49748609,1) las_v=(120000619,0,49748609,1)
120000619 120000619 ours=(120000619,0,36581265,1) las_v=()
120000701 71298483 ours=(120000701,0,-48702218,1) las_v=(120000701,0,71298483,1)
120000701 120000701 ours=(120000701,0,-48702218,1) las_v=()
120000703 82397012 ours=(120000703,0,-37603691,1) las_v=(120000703,0,82397012,1)
120000703 120000703 ours=(120000703,0,-37603691,1) las_v=()
120000707 87485361 ours=(-32515346,1,120000707,0) las_v=(32515346,-1,120000707,0)
120000707 89342457 ours=(-30658250,1,120000707,0) las_v=(30658250,-1,120000707,0)
120000707 120000707 ours=(-32515346,1,120000707,0) las_v=()
120000719 36257990 ours=(120000719,0,36257990,1) las_v=(120000719,0,36257990,1)
120000719 87841609 ours=(-32159110,1,120000719,0) las_v=(32159110,-1,120000719,0)
120000719 120000719 ours=(120000719,0,36257990,1) las_v=()
